[
[	
[4,	30,	42,	48,	74],	
[8,	28,	40,	50,	62],	
[9,	29,	0,	54,	66],	
[11,	27,	33,	57,	63],	
[3,	23,	36,	60,	64]],	
[
[10,	28,	42,	59,	75],	
[11,	30,	40,	55,	72],	
[7,	20,	0,	56,	73],	
[15,	18,	41,	49,	62],	
[12,	27,	45,	50,	66]],	
[
[7,	22,	33,	58,	69],	
[12,	28,	41,	47,	70],	
[10,	24,	0,	54,	61],	
[6,	19,	37,	49,	67],	
[13,	30,	45,	50,	73]],	
[
[8,	19,	32,	46,	75],	
[7,	23,	45,	54,	69],	
[15,	24,	0,	52,	66],	
[1,	20,	42,	53,	70],	
[12,	22,	44,	47,	63]],	
[
[2,	16,	45,	53,	65],	
[12,	21,	33,	58,	68],	
[1,	17,	0,	48,	73],	
[3,	28,	42,	52,	63],	
[9,	30,	36,	55,	75]],	
[
[14,	17,	44,	57,	69],	
[4,	24,	39,	53,	67],	
[7,	23,	0,	50,	61],	
[10,	19,	35,	46,	73],	
[13,	18,	43,	52,	71]],	
[
[6,	17,	38,	57,	61],	
[15,	20,	35,	58,	66],	
[5,	26,	0,	54,	71],	
[2,	24,	44,	46,	62],	
[12,	16,	36,	50,	72]],	
[
[2,	19,	36,	60,	74],	
[11,	27,	34,	51,	73],	
[1,	26,	0,	55,	64],	
[15,	20,	41,	47,	75],	
[7,	16,	37,	58,	71]],	
[
[13,	20,	40,	58,	62],	
[14,	22,	44,	51,	70],	
[10,	28,	0,	56,	72],	
[4,	17,	45,	59,	74],	
[1,	27,	43,	49,	64]],	
[
[3,	23,	39,	50,	62],	
[9,	22,	32,	60,	71],	
[2,	26,	0,	47,	73],	
[6,	16,	40,	56,	70],	
[8,	28,	43,	53,	66]],	
[
[1,	28,	34,	56,	74],	
[11,	26,	40,	52,	71],	
[3,	30,	0,	59,	66],	
[12,	24,	44,	57,	69],	
[8,	20,	31,	46,	63]],	
[
[14,	19,	38,	47,	66],	
[3,	23,	31,	48,	63],	
[11,	22,	0,	50,	73],	
[4,	20,	45,	52,	71],	
[9,	28,	32,	49,	74]],	
[
[2,	22,	35,	51,	64],	
[8,	20,	44,	48,	71],	
[4,	18,	0,	60,	66],	
[10,	16,	45,	49,	70],	
[13,	30,	41,	54,	72]],	
[
[2,	22,	39,	53,	71],	
[8,	30,	32,	47,	65],	
[5,	29,	0,	57,	66],	
[12,	25,	45,	60,	67],	
[7,	17,	34,	56,	68]],	
[
[3,	18,	37,	60,	67],	
[4,	28,	31,	57,	66],	
[8,	17,	0,	58,	73],	
[5,	16,	35,	54,	72],	
[2,	23,	43,	48,	69]],	
[
[14,	23,	43,	47,	63],	
[12,	19,	39,	51,	66],	
[4,	29,	0,	50,	61],	
[6,	22,	41,	57,	62],	
[10,	24,	37,	49,	75]],	
[
[10,	20,	36,	55,	69],	
[13,	22,	37,	46,	74],	
[9,	16,	0,	48,	73],	
[5,	17,	42,	52,	71],	
[6,	25,	32,	60,	75]],	
[
[15,	17,	41,	55,	62],	
[12,	24,	33,	46,	63],	
[5,	27,	0,	58,	61],	
[7,	19,	45,	50,	75],	
[13,	28,	38,	48,	68]],	
[
[3,	22,	44,	50,	68],	
[13,	28,	42,	55,	74],	
[7,	25,	0,	49,	73],	
[11,	27,	36,	46,	64],	
[4,	20,	38,	54,	65]],	
[
[7,	22,	38,	50,	66],	
[9,	23,	44,	57,	71],	
[6,	27,	0,	51,	73],	
[8,	18,	41,	58,	74],	
[12,	29,	45,	56,	62]],	
[
[7,	19,	44,	56,	71],	
[2,	23,	42,	50,	70],	
[11,	25,	0,	49,	75],	
[12,	17,	38,	53,	63],	
[13,	24,	37,	47,	61]],	
[
[2,	22,	34,	51,	73],	
[7,	23,	42,	57,	62],	
[10,	16,	0,	59,	74],	
[4,	26,	41,	49,	61],	
[11,	19,	37,	52,	71]],	
[
[13,	17,	41,	48,	69],	
[15,	20,	42,	46,	65],	
[6,	28,	0,	53,	67],	
[8,	23,	38,	54,	68],	
[11,	22,	45,	52,	70]],	
[
[1,	22,	42,	54,	72],	
[10,	27,	45,	55,	71],	
[6,	17,	0,	59,	64],	
[5,	18,	33,	53,	69],	
[14,	19,	35,	60,	63]],	
[
[6,	28,	43,	60,	61],	
[3,	19,	34,	53,	65],	
[1,	21,	0,	55,	64],	
[13,	26,	38,	58,	71],	
[7,	30,	41,	56,	69]],	
[
[5,	29,	45,	46,	73],	
[8,	26,	33,	53,	71],	
[12,	20,	0,	52,	68],	
[4,	21,	41,	56,	69],	
[2,	23,	36,	58,	74]],	
[
[15,	23,	36,	50,	72],	
[7,	16,	33,	46,	65],	
[4,	24,	0,	60,	69],	
[6,	30,	43,	54,	71],	
[1,	19,	35,	59,	62]],	
[
[4,	22,	33,	50,	68],	
[5,	30,	43,	47,	75],	
[10,	20,	0,	53,	73],	
[8,	17,	45,	48,	70],	
[2,	21,	32,	59,	64]],	
[
[11,	24,	38,	48,	64],	
[7,	25,	37,	55,	73],	
[14,	30,	0,	56,	63],	
[10,	29,	41,	52,	75],	
[3,	23,	31,	58,	67]],	
[
[3,	21,	40,	50,	74],	
[11,	28,	45,	56,	73],	
[14,	22,	0,	52,	63],	
[4,	30,	35,	55,	61],	
[8,	16,	32,	53,	65]],	
[
[13,	16,	41,	54,	63],	
[1,	30,	44,	59,	62],	
[5,	21,	0,	47,	74],	
[15,	25,	36,	53,	64],	
[8,	27,	31,	49,	69]],	
[
[14,	17,	45,	48,	68],	
[11,	28,	41,	50,	63],	
[6,	19,	0,	57,	73],	
[2,	26,	36,	58,	66],	
[4,	29,	44,	52,	72]],	
[
[15,	21,	45,	50,	72],	
[5,	17,	36,	53,	65],	
[8,	16,	0,	52,	71],	
[10,	18,	35,	58,	70],	
[7,	26,	38,	57,	64]],	
[
[5,	17,	34,	56,	74],	
[3,	28,	33,	55,	62],	
[2,	30,	0,	58,	69],	
[1,	21,	44,	60,	71],	
[7,	20,	32,	49,	73]],	
[
[13,	29,	35,	55,	65],	
[4,	19,	37,	60,	66],	
[6,	26,	0,	49,	62],	
[5,	30,	32,	53,	75],	
[8,	28,	44,	54,	64]],	
[
[8,	21,	39,	46,	67],	
[5,	28,	43,	58,	65],	
[10,	23,	0,	48,	68],	
[3,	24,	34,	57,	73],	
[13,	20,	42,	59,	66]],	
[
[12,	23,	38,	56,	69],	
[3,	27,	34,	55,	70],	
[7,	21,	0,	52,	75],	
[13,	24,	32,	59,	72],	
[6,	28,	43,	49,	73]],	
[
[5,	27,	39,	52,	66],	
[3,	29,	41,	55,	74],	
[4,	17,	0,	47,	65],	
[6,	18,	31,	59,	72],	
[9,	26,	32,	48,	68]],	
[
[9,	19,	39,	51,	69],	
[5,	30,	41,	47,	74],	
[6,	25,	0,	54,	67],	
[11,	21,	36,	48,	75],	
[1,	23,	40,	50,	66]],	
[
[4,	29,	34,	59,	69],	
[5,	28,	42,	49,	66],	
[13,	16,	0,	50,	75],	
[7,	21,	35,	47,	61],	
[8,	26,	39,	48,	68]],	
[
[15,	29,	44,	54,	66],	
[1,	21,	31,	56,	67],	
[6,	24,	0,	47,	72],	
[4,	28,	36,	57,	63],	
[9,	23,	41,	59,	68]],	
[
[4,	26,	41,	54,	69],	
[1,	29,	37,	51,	75],	
[10,	17,	0,	48,	62],	
[9,	16,	31,	47,	72],	
[2,	22,	44,	55,	70]],	
[
[14,	16,	38,	54,	74],	
[5,	23,	42,	58,	67],	
[13,	29,	0,	47,	66],	
[12,	20,	40,	60,	70],	
[10,	21,	33,	50,	63]],	
[
[2,	21,	34,	48,	65],	
[15,	26,	40,	60,	71],	
[9,	24,	0,	50,	73],	
[11,	29,	38,	55,	75],	
[12,	30,	45,	46,	63]],	
[
[7,	27,	35,	46,	62],	
[12,	24,	37,	50,	73],	
[10,	21,	0,	47,	67],	
[1,	30,	33,	48,	74],	
[3,	22,	41,	55,	69]],	
[
[2,	20,	35,	56,	72],	
[8,	25,	31,	47,	73],	
[9,	22,	0,	50,	75],	
[7,	17,	37,	48,	64],	
[6,	26,	44,	59,	63]],	
[
[5,	30,	38,	59,	73],	
[3,	27,	32,	57,	69],	
[4,	17,	0,	60,	65],	
[13,	26,	34,	54,	68],	
[6,	22,	42,	55,	62]],	
[
[7,	19,	42,	58,	69],	
[14,	26,	44,	57,	75],	
[15,	20,	0,	51,	73],	
[3,	18,	45,	46,	67],	
[4,	17,	33,	54,	71]],	
[
[3,	17,	40,	48,	73],	
[5,	20,	33,	54,	61],	
[4,	24,	0,	51,	68],	
[14,	27,	38,	59,	66],	
[6,	23,	32,	52,	69]],	
[
[12,	29,	37,	58,	70],	
[14,	27,	35,	57,	71],	
[15,	19,	0,	54,	73],	
[9,	30,	41,	46,	69],	
[5,	21,	45,	56,	68]],	
[
[1,	17,	31,	58,	67],	
[13,	16,	38,	50,	65],	
[11,	29,	0,	53,	64],	
[3,	27,	39,	51,	68],	
[4,	18,	44,	55,	73]],	
[
[15,	18,	36,	54,	69],	
[1,	27,	31,	57,	61],	
[2,	29,	0,	50,	64],	
[3,	22,	39,	58,	70],	
[7,	17,	33,	51,	62]],	
[
[7,	16,	36,	52,	63],	
[12,	30,	32,	48,	70],	
[11,	22,	0,	60,	64],	
[2,	19,	31,	51,	67],	
[14,	20,	40,	59,	62]],	
[
[12,	22,	33,	51,	72],	
[7,	23,	41,	52,	68],	
[11,	25,	0,	47,	74],	
[14,	24,	45,	55,	62],	
[3,	20,	44,	53,	61]],	
[
[5,	24,	41,	56,	73],	
[11,	30,	44,	57,	64],	
[1,	25,	0,	50,	69],	
[6,	21,	45,	46,	75],	
[13,	26,	33,	60,	67]],	
[
[2,	17,	33,	49,	66],	
[6,	30,	43,	46,	73],	
[9,	27,	0,	47,	72],	
[3,	28,	36,	52,	61],	
[4,	18,	31,	51,	71]],	
[
[14,	23,	39,	53,	66],	
[12,	19,	42,	49,	61],	
[9,	21,	0,	51,	70],	
[1,	22,	36,	54,	64],	
[8,	30,	33,	52,	73]],	
[
[2,	17,	35,	60,	72],	
[6,	22,	37,	58,	65],	
[11,	26,	0,	47,	69],	
[8,	25,	36,	56,	68],	
[1,	30,	45,	46,	64]],	
[
[14,	25,	41,	57,	63],	
[10,	18,	42,	46,	74],	
[11,	30,	0,	59,	70],	
[4,	22,	31,	47,	62],	
[8,	24,	44,	49,	68]],	
[
[5,	19,	45,	53,	65],	
[1,	18,	41,	51,	66],	
[3,	23,	0,	52,	75],	
[11,	27,	43,	50,	73],	
[4,	29,	32,	47,	74]],	
[
[11,	24,	42,	50,	73],	
[15,	21,	35,	48,	72],	
[14,	28,	0,	59,	64],	
[8,	19,	45,	56,	61],	
[10,	29,	33,	51,	75]],	
[
[11,	27,	38,	48,	65],	
[12,	17,	36,	47,	74],	
[9,	21,	0,	46,	68],	
[14,	30,	35,	52,	67],	
[3,	29,	34,	53,	64]],	
[
[15,	26,	44,	59,	63],	
[7,	18,	37,	56,	71],	
[6,	29,	0,	57,	68],	
[8,	28,	42,	55,	72],	
[14,	23,	34,	60,	64]],	
[
[3,	25,	41,	57,	68],	
[2,	23,	42,	52,	70],	
[9,	16,	0,	46,	67],	
[11,	27,	35,	56,	63],	
[15,	21,	44,	55,	64]],	
[
[13,	20,	32,	48,	69],	
[11,	26,	40,	46,	61],	
[10,	28,	0,	52,	75],	
[6,	24,	36,	58,	68],	
[5,	25,	34,	60,	67]],	
[
[7,	27,	38,	54,	74],	
[10,	25,	32,	47,	71],	
[13,	24,	0,	58,	70],	
[12,	29,	35,	50,	69],	
[9,	19,	36,	51,	67]],	
[
[2,	23,	45,	57,	73],	
[13,	25,	42,	49,	72],	
[4,	20,	0,	55,	66],	
[15,	30,	40,	50,	71],	
[3,	16,	43,	56,	62]],	
[
[15,	22,	34,	48,	75],	
[2,	20,	33,	46,	62],	
[7,	29,	0,	58,	68],	
[1,	21,	40,	53,	70],	
[5,	26,	39,	47,	63]],	
[
[12,	25,	44,	48,	70],	
[10,	26,	42,	47,	67],	
[9,	24,	0,	60,	68],	
[7,	17,	31,	54,	66],	
[11,	21,	45,	46,	74]],	
[
[2,	17,	45,	47,	68],	
[8,	27,	43,	48,	63],	
[9,	24,	0,	59,	66],	
[5,	29,	39,	51,	73],	
[6,	21,	33,	57,	62]],	
[
[1,	30,	45,	60,	70],	
[12,	18,	34,	48,	63],	
[15,	19,	0,	56,	62],	
[9,	16,	40,	57,	64],	
[7,	26,	38,	47,	67]],	
[
[12,	21,	33,	49,	71],	
[3,	18,	41,	46,	63],	
[15,	28,	0,	53,	68],	
[6,	30,	40,	56,	61],	
[11,	22,	37,	54,	64]],	
[
[12,	30,	43,	49,	66],	
[4,	17,	41,	57,	71],	
[9,	24,	0,	60,	73],	
[2,	16,	37,	56,	61],	
[11,	27,	42,	55,	74]],	
[
[11,	20,	35,	48,	67],	
[7,	23,	41,	50,	62],	
[3,	17,	0,	46,	73],	
[14,	29,	40,	54,	65],	
[6,	27,	32,	58,	75]],	
[
[5,	17,	38,	55,	71],	
[14,	30,	33,	56,	64],	
[10,	22,	0,	51,	72],	
[11,	21,	31,	60,	62],	
[2,	24,	35,	46,	63]],	
[
[9,	18,	41,	58,	64],	
[6,	26,	38,	47,	66],	
[4,	30,	0,	55,	61],	
[13,	22,	36,	60,	73],	
[12,	27,	31,	52,	69]],	
[
[14,	25,	38,	50,	72],	
[10,	16,	39,	54,	66],	
[4,	23,	0,	53,	69],	
[2,	18,	35,	49,	63],	
[12,	27,	33,	57,	61]],	
[
[3,	24,	40,	48,	65],	
[12,	16,	39,	60,	66],	
[5,	26,	0,	58,	64],	
[7,	29,	45,	52,	62],	
[1,	23,	38,	53,	63]],	
[
[9,	20,	37,	49,	74],	
[6,	24,	41,	48,	70],	
[13,	30,	0,	47,	61],	
[2,	18,	36,	50,	66],	
[10,	16,	34,	54,	67]],	
[
[14,	23,	31,	59,	64],	
[2,	29,	44,	49,	67],	
[7,	16,	0,	53,	68],	
[11,	27,	41,	55,	71],	
[12,	20,	37,	50,	75]],	
[
[3,	23,	33,	46,	71],	
[2,	29,	39,	50,	64],	
[7,	16,	0,	48,	73],	
[1,	17,	31,	49,	69],	
[6,	22,	41,	56,	68]],	
[
[3,	22,	32,	54,	65],	
[9,	26,	36,	49,	75],	
[6,	24,	0,	56,	68],	
[11,	23,	41,	46,	63],	
[10,	28,	37,	57,	73]],	
[
[4,	18,	37,	60,	61],	
[10,	22,	31,	51,	64],	
[2,	25,	0,	46,	65],	
[3,	24,	45,	59,	67],	
[13,	29,	35,	47,	73]],	
[
[12,	23,	40,	57,	65],	
[3,	18,	35,	52,	63],	
[7,	21,	0,	47,	69],	
[5,	20,	39,	48,	66],	
[8,	29,	36,	46,	68]],	
[
[12,	20,	35,	53,	72],	
[14,	27,	36,	47,	74],	
[5,	26,	0,	60,	63],	
[10,	16,	38,	59,	66],	
[7,	30,	37,	54,	64]],	
[
[1,	25,	45,	60,	71],	
[3,	20,	42,	54,	73],	
[2,	24,	0,	47,	63],	
[15,	19,	38,	51,	65],	
[14,	29,	34,	49,	70]],	
[
[15,	27,	35,	48,	61],	
[6,	26,	45,	52,	73],	
[2,	19,	0,	60,	75],	
[7,	20,	39,	51,	74],	
[14,	22,	40,	54,	72]],	
[
[15,	24,	33,	53,	62],	
[1,	20,	31,	47,	75],	
[7,	27,	0,	56,	69],	
[2,	26,	32,	50,	61],	
[13,	19,	43,	59,	71]],	
[
[13,	28,	37,	50,	70],	
[10,	19,	44,	48,	68],	
[5,	22,	0,	49,	75],	
[12,	25,	42,	58,	74],	
[14,	26,	35,	55,	67]],	
[
[5,	26,	36,	58,	72],	
[12,	21,	35,	46,	73],	
[8,	19,	0,	57,	71],	
[10,	18,	41,	59,	62],	
[6,	30,	39,	49,	64]],	
[
[11,	18,	37,	54,	67],	
[7,	26,	45,	48,	63],	
[5,	28,	0,	55,	75],	
[10,	27,	40,	47,	71],	
[15,	23,	41,	52,	61]],	
[
[10,	19,	43,	60,	74],	
[12,	29,	39,	56,	73],	
[3,	16,	0,	51,	70],	
[7,	24,	35,	52,	71],	
[15,	27,	38,	49,	65]],	
[
[5,	21,	38,	48,	61],	
[3,	26,	32,	57,	75],	
[8,	24,	0,	53,	66],	
[2,	22,	43,	59,	62],	
[15,	20,	42,	56,	73]],	
[
[4,	21,	45,	54,	62],	
[14,	23,	34,	57,	75],	
[15,	29,	0,	50,	61],	
[3,	20,	37,	53,	69],	
[11,	24,	35,	49,	64]],	
[
[10,	30,	34,	59,	68],	
[8,	17,	39,	54,	73],	
[4,	20,	0,	52,	66],	
[11,	24,	38,	56,	69],	
[3,	29,	32,	47,	70]],	
[
[5,	23,	38,	57,	61],	
[15,	19,	39,	51,	65],	
[2,	30,	0,	55,	72],	
[3,	28,	33,	50,	63],	
[14,	16,	45,	49,	62]],	
[
[8,	24,	37,	58,	70],	
[10,	22,	36,	49,	73],	
[2,	21,	0,	59,	71],	
[7,	17,	42,	47,	62],	
[1,	25,	34,	55,	61]],	
[
[9,	29,	32,	54,	69],	
[12,	17,	34,	50,	74],	
[4,	25,	0,	53,	67],	
[10,	26,	38,	51,	68],	
[1,	27,	41,	56,	73]],	
[
[3,	28,	31,	49,	65],	
[15,	23,	40,	59,	73],	
[5,	19,	0,	58,	70],	
[13,	20,	41,	51,	62],	
[6,	29,	33,	56,	68]],	
[
[6,	26,	44,	46,	66],	
[3,	30,	42,	60,	62],	
[5,	24,	0,	59,	61],	
[1,	28,	45,	53,	74],	
[8,	20,	38,	49,	75]],	
[
[3,	16,	31,	49,	67],	
[13,	22,	33,	47,	64],	
[14,	29,	0,	55,	75],	
[10,	18,	34,	46,	62],	
[7,	17,	45,	52,	68]],	
[
[2,	24,	33,	54,	68],	
[12,	21,	38,	49,	67],	
[4,	28,	0,	48,	74],	
[11,	19,	42,	46,	61],	
[9,	26,	36,	47,	72]],	
[
[2,	19,	36,	47,	65],	
[1,	26,	39,	55,	64],	
[7,	22,	0,	59,	71],	
[6,	29,	33,	53,	66],	
[3,	28,	32,	57,	68]],	
[
[10,	26,	35,	50,	75],	
[7,	30,	39,	52,	63],	
[12,	23,	0,	53,	62],	
[3,	18,	40,	48,	69],	
[6,	17,	37,	55,	66]]
]